cabooses meltdowns bigmouth makework flippest neutralizers gipped mule antithetical imperials carom masochism honky retsina dullness adeste corsage saraband promenaders gestational mansuetude fig redress pregame borshts pardoner reforges refutations calendal moaning doggerel dendrology governs ribonucleic circumscriptions reassimilating machinize rebuilding mezcal fluoresced antepenults blacksmith constance furores chroniclers overlie hoers jabbing resigner quartics polishers mallow hovelling ch
87,20,58,42,49,6,1,10,2,12,23,7,35,3,63,16,4,31,5,58,15,0,57,66,28,36,9,24,12,21,70,29,43,83,13,70,37,8,82,25,18,26,62,51,48,54,14,65,41,50,34,44,97,30,40,69,45,76,55,38,32,18,26,72,33,56,57,28,7,88,60,46,17,52,64,67,19,92,102,99,90,47,82,61,15,12,18,105,81,25,74,97,6,68,87,94,86,98,57,75,12,20,10,42,90,27,30,31,57,79,73,49,80,70,84,85,13,1,35,51,32,95,21,89,59,41,7,82,101,23,76,6,91,44,71,29,10,36,62,96,87,63,34,31,46,0,65,100,51,47,45,74,58,94,4,3,103,26,81,66,12,69,14,20,33,72,86,76,104,38,88,6,48,21,50,64,83,17,44,97,2,57,46,80,10,28,92,52,41,59,105,5,77,99,0,24,13,1,71,34,23,31,51,37,18,45,29,38,47,12,62,54,58,98,81,76,78,67,6,55,26,74,86,3,42,95,65,13,56,34,69,8,49,45,0,72,10,60,81,88,77,28,102,94,35,15,63,101,31,61,90,20,7,92,4,33,21,82,68,57,66,44,14,25,17,38,75,59,83,0,38,105,86,1,97,79,71,23,80,3,13,98,7,42,0,93,85,38,49,39,29,34,95,51,89,45,30,58,63,101,41,87,82,62,32,90,91,87,64,81,90,28,12,76,87,86,99,18,36,15,66,4,6,96,13,65,46,10,31,25,57,30,97,47,48,32,14,0,100,12,74,90,9,64,17,99,40,69,103,34,72,58,41,15,7,33,25,80,38,104,57,88,40,87,94,82,2,8,97,28,83,45,92,51,90,105,59,5,20,95,50,1,26,23,101,41,7,52,76,24,58,82,21,87,70,6,12,30,67,19,37,90,98,4,10,102,44,14,87,29,54,77,28,81,42,86,62,31,55,90,27,13,49,17,32,87,97,65,34,51,56,63,39,69,45,7,64,72,60,73,66,88,81,76,61,11,46,58,58,99,80,0,68,86,92,6,15,38,95,105,13,75,53,41,47,34,35,25,90,10,79,18,83,82,30,31,78,1,45,51,85,57,74,97,7,98,16,89,9,42,39,23,82,97,32,101,0,91,87,19


biorhythmic personalizing abjure greets rewashed heretic kashmir chores fiendishly combatting alliums lolly milder postpaid larry annuli codgers apostatizing scrim carillon rust grimly lignifying lycanthrope samisen founds millimeters pentagon humidification checkup hilts agonise crumbs rejected kangaroo forenoons grazable acidy duellist potent recyclability capture memorized psalmed meters decline deduced after oversolicitousness demoralizers ologist conscript cronyisms melodized girdles nonago
58,15,42,13,9,84,35,19,12,25,87,2,18,1,34,6,49,4,20,7,30,40,32,14,0,5,21,58,11,28,45,23,24,38,81,29,62,36,10,37,86,65,16,44,31,27,69,3,54,73,72,13,88,48,64,90,55,70,46,51,78,57,99,34,56,87,9,63,45,92,76,60,8,15,105,17,33,25,6,19,82,93,61,90,66,12,58,47,50,52,30,80,0,68,74,97,7,32,41,57,10,75,82,83,97,7,84,79,12,64,82,59,1,81,85,26,98,31,67,18,94,99,71,89,97,20,86,13,93,91,21,95,101,28,7,15,96,87,42,3,38,23,34,51,100,44,26,49,76,102,46,35,25,40,30,4,0,103,6,90,45,32,57,104,87,47,81,64,82,97,63,14,2,86,41,10,36,5,38,13,99,12,7,84,24,82,15,0,17,25,77,93,30,80,38,37,97,84,90,74,95,48,27,34,66,18,29,54,31,94,57,32,51,62,101,55,8,83,28,4,33,76,56,12,64,7,82,99,57,65,50,69,45,6,60,26,72,14,52,20,0,98,17,61,73,41,12,15,59,25,77,30,87,21,67,32,42,80,68,90,78,88,87,70,28,18,75,9,64,97,102,10,79,44,38,49,95,99,31,92,85,90,81,41,57,58,51,89,86,105,11,1,87,35,23,71,91,70,46,101,0,47,13,63,66,96,8,83,34,29,4,98,42,14,76,100,38,45,74,40,94,58,7,62,103,20,90,15,3,93,104,33,28,65,82,97,25,6,36,2,26,49,48,69,17,50,5,81,72,87,84,90,7,21,58,30,82,32,52,93,24,87,44,18,67,41,86,88,37,12,92,57,63,13,64,40,105,59,54,26,10,46,97,12,1,71,55,57,23,102,29,34,31,56,3,62,90,7,99,80,65,60,33,69,59,28,87,72,71,61,47,77,35,88,45,68,66,39,92,81,51,83,82,15,90,25,36,98,41,76,95,105,6,10,75,3,1,12,42,86,74,97,30,40,23,13,31,79,49,7,63,0,32,51,48,85,87,66,101,76,90,34,64,18,50,89,87,45,83,4,84,99,6,57,10,91,12,29,82,98,33,15,40,62,59,96,38,25,81,71,97,65,31,100,14,42,17,94,0,49


banisters rejoices oxgall bloodstone fisticuff huguenot janitress assailed eggcup jerseyites fetas leipzig copiers pushiness fesse precociously modules navigates gaiters caldrons lisp humbly datum recite haphazardly dispassion calculability circularization intangibles impressionist jaggy ascribable overseen copses devolvement permutationists potations linesmen hematic fowler pridefully inversive malthus remainders multiplex petty hymnaries cubby donne ohioans avenues reverts glide photos antiaci
58,20,4,15,6,35,1,13,10,2,34,23,11,42,25,87,29,31,5,49,22,0,21,7,82,24,58,97,63,66,3,51,36,83,14,62,37,8,30,76,48,32,90,28,77,8,54,9,41,38,28,65,17,98,50,55,11,44,80,64,52,45,69,6,10,56,46,31,51,47,99,7,72,33,60,88,0,38,87,41,18,61,11,92,81,76,105,84,15,67,1,6,68,77,23,102,74,10,75,82,29,25,26,40,30,0,79,90,42,18,32,62,86,31,85,26,28,51,19,64,95,65,76,6,89,8,69,10,31,72,91,18,13,88,87,49,90,99,63,41,51,97,93,96,12,66,59,28,7,92,76,100,101,94,39,15,38,20,35,105,6,103,0,21,25,36,1,34,10,104,87,44,82,71,45,83,4,31,2,97,30,51,26,5,27,41,57,58,7,84,24,3,46,48,28,12,37,81,23,90,32,50,29,54,73,47,18,78,74,40,94,86,33,82,93,55,59,64,76,26,20,6,10,99,98,14,56,87,21,97,90,41,7,44,58,15,82,25,52,84,60,87,30,13,90,28,97,46,34,32,40,47,67,64,42,17,61,99,80,102,74,95,38,15,58,7,62,31,68,25,57,18,45,65,51,76,30,49,101,32,6,35,75,11,94,0,38,93,79,20,10,87,81,64,58,21,58,82,69,85,63,39,72,86,31,88,92,4,89,90,66,26,51,105,76,91,71,1,39,83,97,39,23,12,29,14,36,96,18,62,13,57,41,48,44,50,99,98,17,15,6,52,10,100,26,42,67,46,102,25,49,80,31,103,7,30,95,65,51,12,69,101,104,9,72,57,47,35,32,87,2,77,63,16,82,88,34,5,18,45,64,3,92,8,28,97,7,84,24,99,4,39,105,81,76,15,39,1,37,12,74,82,36,19,41,6,54,86,23,57,94,25,14,33,29,13,10,55,12,28,97,48,30,26,7,62,22,56,18,65,50,52,93,60,27,84,57,17,20,34,32,69,31,61,90,41,58,58,93,68,59,66,80,95,72,75,83,73,64,98,21,101,51,79,44,39,88,4,28,92,76,85,45,105,39,1,81,67,6,89,0,82,99,71,23,91,26,78,42,102,49,10,96,46,14,35,15,47,87,25


deathful oxygenate cascade fashion fortifiers annelids co intimates cads expanse rusting quashing julienne hydrothermal defunctive permeation sabines hurries precalculates discourteously fooling pestles pellucid circlers hampshirites punchiest extremist cottonwood dadoes identifiers retail gyrations dusked opportunities ictus misjudge neighborly aulder larges predestinate bandstand angling billet drawbridge pantomimes propelled leaned gerontologists candying ingestive museum chlorites maryland s
3,1,20,35,9,8,28,7,2,42,22,84,0,23,4,21,36,29,5,87,44,6,90,46,33,62,24,77,47,10,19,15,49,14,37,8,63,13,48,25,77,30,65,34,31,54,74,17,80,69,82,32,59,51,55,87,66,56,64,95,50,99,12,94,52,72,76,60,90,20,71,6,61,88,22,18,21,101,10,92,68,45,41,31,67,15,4,38,75,53,28,44,51,27,25,14,0,79,11,41,97,30,105,17,80,1,85,73,93,3,81,83,102,78,23,86,57,46,7,89,33,29,8,28,95,87,35,32,39,62,91,26,65,13,12,69,47,36,64,98,101,96,76,74,58,99,4,72,6,100,9,41,34,45,15,88,10,103,18,81,92,90,94,82,87,28,97,20,48,105,31,104,59,25,51,90,42,41,86,50,1,49,28,76,7,84,2,77,63,66,82,30,14,38,5,26,23,6,52,97,29,10,24,18,62,7,82,41,87,32,71,37,90,64,13,87,97,65,34,31,54,19,21,57,26,51,27,99,45,15,67,69,76,55,18,28,17,90,73,25,72,6,102,56,88,22,35,81,92,12,30,10,36,60,87,83,48,50,98,80,16,42,49,3,61,33,44,59,63,105,31,68,32,71,1,95,52,64,8,99,23,86,51,75,13,29,67,46,15,7,79,0,93,34,47,102,25,66,101,76,85,3,41,6,70,62,33,89,83,26,18,98,45,35,28,4,30,36,32,65,10,91,64,90,48,41,31,96,57,99,51,11,28,59,38,69,100,14,72,15,0,78,58,42,81,82,84,103,74,41,97,71,88,86,104,7,94,13,38,92,76,2,26,34,105,3,1,6,50,25,17,20,52,23,5,58,21,80,33,10,67,44,95,59,24,46,101,0,82,30,4,38,37,58,32,97,7,29,102,54,71,45,47,43,58,81,64,3,0,62,55,18,74,14,35,49,12,99,57,65,31,56,26,86,63,18,69,82,97,72,33,60,7,88,94,17,92,59,61,38,105,13,66,80,36,83,82,98,0,15,51,48,76,68,87,20,95,71,93,25,101,38,75,30,4,0,1,6,50,32,39,23,79,12,28,10,29,41,57,85,90,9,97,42,34,64,52,62,31,89,12,21,45,84,7,44,14,3,91,51


grovels abandons atrophying misdefines redeemed patrimonial repressions revealment recapitalizes dyspeptically invaders redounds concubine foetor lessoned rethreading derogatory orgasms mercerize exploratory coconuts retardant padlock expense lam cored lollygags mankind prologued economist scooter hefter babying acanthuses bullpens reappraisals lowercase abnormal delegated craters clodhopping heroism gunfighter disabilities coriander goring effloresced harassments damosels cryobiology brahmin ho
0,13,42,39,1,7,6,2,20,58,21,4,3,49,14,10,5,44,35,34,63,18,9,84,15,17,38,24,12,25,31,33,23,8,30,80,29,51,37,45,62,59,65,69,57,72,71,54,26,46,36,81,32,12,66,95,64,47,82,55,86,88,18,13,92,76,6,99,83,101,10,56,34,105,39,1,74,97,57,23,4,48,60,45,29,87,94,26,15,50,20,7,25,40,62,31,61,3,93,51,18,65,26,52,30,90,21,82,97,84,68,32,14,39,44,33,69,81,76,75,86,72,59,98,28,17,71,6,79,87,42,80,90,41,58,64,95,88,85,77,49,92,67,63,13,89,7,105,10,31,66,101,1,3,91,34,23,102,19,45,29,46,33,99,4,0,96,59,62,81,83,38,47,35,98,86,93,100,42,13,0,74,51,12,76,103,57,65,34,87,69,45,15,40,72,104,88,22,18,82,49,81,94,36,63,86,84,2,90,66,87,83,14,28,48,6,5,13,92,50,20,34,71,21,17,52,24,26,44,3,97,98,90,70,37,105,22,18,1,80,10,23,54,7,46,12,55,87,42,45,29,33,56,82,49,97,7,93,38,47,0,31,60,57,74,95,70,25,101,59,61,26,81,63,82,66,38,41,62,71,68,65,90,83,4,98,12,30,51,67,75,76,87,42,49,102,69,86,79,27,72,8,35,88,13,85,58,94,58,84,32,14,0,89,20,90,21,17,36,73,28,6,92,10,91,58,41,97,7,18,105,80,31,96,34,1,44,26,18,45,46,64,51,47,82,76,100,97,63,16,23,81,87,74,6,29,103,94,58,95,66,86,57,20,7,104,3,62,82,65,38,21,48,69,33,2,90,13,44,50,72,34,10,5,87,97,83,59,78,98,26,18,99,101,0,24,9,88,45,42,15,31,12,37,38,28,4,77,25,0,19,52,92,81,54,71,30,51,46,58,32,7,64,67,99,105,76,55,90,49,86,15,47,14,3,1,13,56,38,63,34,25,17,0,60,23,8,77,82,66,45,29,6,87,62,33,61,27,74,81,94,10,31,57,65,80,102,51,68,59,20,12,83,76,69,97,6,75,90,86,93,98,58,30,42,7,49,38,84,79,58,13,21,73,57,32,95,85,78,63


